996220284268
998909251833
998940807008
905525525999
971505078647
41796953364
992888666669
4915752802458
996702995888
996700529555
375259565797
4917620278417
420773980101
48733532229
905550936781
375445446516
37282285632
919307406757
995511142532
491776457769
918968093422
821022033603
201222402211
919888692002
919688550304
919782935570
447793401438
34691348057
918557842522
14699809757
916284442660
919914948507
919779257605
998930723146
917206197100
917496824662
420722493880
918968965403
917526989841
918728017271
919711540778
918194009479
919817536304
916284609382
919327986495
916361098436
918558939636
998947736241
919915266606
5519982523115
919646613649
919779562232
918447578480
919518809205
916284573336
917353791215
917508724474
918872178873
918195959336
96566476396
919915418118
919936579154
2349019670961
251982961115
916283408196
919463378526
917347609301
916239698317
251910268044
917009207018
919815308520
2349119107616
447529689460
918146315121
918557019327
919000297313
918054767885
918146291784
919992209629
971581237135
918073681001
918728033002
918360537025
917986084302
918886061403
919815247325
918077120288
917707830846
919971589353
919041166283
5521995361971
919867617909
917888562357
919041879075
917985821328
917814086948
919814156062
923708601054
919779782671
959664281660
917857076591
916280330010
971552507570
918670377966
916284833082
14127379755
919888170673
918091032362
917661822394
918822006735
919815105942
919914404880
916239256141
919814023620
917347659913
919877880545
919534535177
918837573372
2349131956937
917528053897
959692849710
918872069413
919056213396
916369678270
919712035293
918222834117
919592646063
919517971936
96877221642
919878932625
2348035147340
918297844941
251956931155
919876296903
918360798565
19453250855
917439791674
919974961032
916363125593
919115628570
919914218030
2349037154221
918146409507
918837823215
919118433262
919008051774
916206247042
919041220172
918899582973
916202123917
919463878566
917098971313
918050125661
251722087955
918267882392
917527076530
917889902906
919501270729
916305045524
919888512860
918812842759
919056207945
918968604770
989177413865
918793503761
918360016532
919878483188
917654123629
918283848874
917986107328
919780749010
