9655386046
9994414321
9222204427
9122159075
9002104444
9505626409
9995597297
9634537965
9621470147
9222202222
9120790350
9199424924
9080000988
9638512140
9676334882
9122680385
9226142131
9322009444
9220717171
9024096024
9090494000
9087926976
9043841710
9126021828
9292152881
9122744415
9044669486
9123852251
9138038616
9827048929
9097392777
9089118266
9120364870
9058232885
9126332124
9097397887
9525208422
9028786424
9533838146
7026112308
9097375798
9123978838
9829122773
9612121211
9222254677
9168766334
9826540363
9504899563
9224046224
9319660433
9091966888
9995686316
9120491937
9222016234
9376590028
9221413799
9080595910
9193743285
9617688886
9655117632
9089230428
9089201761
9222009603
9841390294
9044612705
9167500009
9090392882
9222642326
9224800361
9991640709
9222235524
9222121122
9506323135
9199484738
9526536528
9226124835
9045495444
9923185575
9126303747
9122478931
9224488001
9630449887
9041722987
9199590405
9826508353
9226017470
9222888824
9222218957
9125129530
9088736700
9221202333
9630444848
9129004865
9956754614
9827867233
9193828767
9821520102
9028185080
9826240255
9199511064
9326178782
9110014137
9129290119
9821409819
9655267301
9123815163
9220353440
9224231756
9224380021
9829218110
9193546669
9504904307
9991093173
9826649482
9173903772
9199230957
9129221162
9220024093
9222146111
9090065024
9991153939
9199392031
9935426091
9880279204
9126460707
9044900483
9193959102
9138814000
9044980250
9667001099
9122102676
9024006364
9199359155
9026268076
9122950569
9827256980
9809300452
9324729828
9969466105
9126423097
9222696804
9199286643
9826163888
9126077795
9088885186
9221758004
9025025412
9129110012
9995610621
9221280744
9514756222
9526737127
9224015336
9129154231
9122879538
9125731664
9028280112
9504963032
9324700678
9028777760
9129906637
9505485319
9222600654
9221111908
9821944030
9326221438
9969462508
9513582322
9517888610
9058050999
9014353099
9630528085
9501989195
9049889855
9122276699
9129384400
9268186288
9829836698
9003913445
9222654747
9326138883
9138419139
9000415484
9999651273
9220216333
9122993480
9323223181
9224567178
9222898989
9199597774
9221188819
9822191360
9126450784
9257299983
9324248854
9935247581
9199444381
9526475759
9827654403
9507999912
9194604868
9826043290
9262134884
9991256242
9104137492
9995107277
9199588500
9826029262
9221432460
9122736593
9162722307
9144940797
9122206337
9222040404
9292157177
9223543466
9090114261
9505413909
9197073325
9058240827
9323250977
9024497093
9618824390
9122516647
9091826938
9823053953
9292697070
9091807339
9655288833
9221538685
9123953559
9526760110
9224720701
9026295840
9123987208
9193837070
9698007000
9963553297
9123804622
9222292235
9504948586
9028165641
9129972182
9961828184
9222539138
9526802068
9969463381
9292540546
9995481544
9829407229
9273309534
9129294477
9088902333
9068081598
9091861959
9129974745
9923121234
9991250621
9199496567
9197015619
9122599000
9506366888
9994636007
9997973888
9123958521
9679714171
9122529406
9122201456
9530092649
9822014464
9122413022
9091943104
9831160317
9129591402
9623230888
9123869089
9220445442
9122414214
9951302527
9226322362
9126428276
9199307512
9044624422
9824124352
9505301756
9506505729
9324777610
9953026877
9126576776
9994752897
9224846001
9089080003
9501927277
9193600648
9028469425
9829828212
9126200115
9003832773
9991090704
9193929603
9161347635
9126232525
9253721507
9224809798
9045429427
9292622393
9995476848
9221312728
9138210002
9003939960
9002067800
9827129597
9090083157
9090186060
9220439686
9825504407
9829217852
9091808108
9523457586
9634506860
9937248078
9129950816
9129228705
9138508908
9224167090
9122503061
9322000101
9527230586
9199299880
9195882749
9617778883
9323243571
9138031100
9995500981
9827062131
9199473010
9326155631
9222111993
9224123123
9935037127
9506360795
9122147093
9122300698
9923317787
9220710743
9227618235
9028792229
9045497329
9397966998
9829779375
9058267653
9220988214
9698004070
9222498069
9044656351
9821700000
9222646385
9655316111
9141133985
9128848885
9022611381
9044962000
9220989548
9530486518
9227840006
9500553494
9917112309
9022672905
9224750666
9049840089
9222187382
9126002345
9089260506
9220338644
9923380870
9131435926
9829330117
9044995566
9829002571
9224413635
9101421485
9221943774
9096420326
9655237997
9122767951
9058000724
9969463968
9127933920
9836223244
9827824746
9518199632
9673838653
9129907138
9220475247
8804954236
9630570686
9617813511
9323240585
9292609011
9924081836
9827057858
9935429965
9195893279
9030809878
9122452986
9634366765
9164084618
9221678888
9024411299
9227734000
9025000535
9634518371
9123932303
9129710871
9961755230
9825896887
9123870704
9995712390
9220007057
9647964640
9090213518
9058578770
9372017325
9058013594
9022571900
9195516133
9088772344
9829125248
9617757924
9045846559
9827771117
9642033661
9677883769
9193778167
9221694616
9641966605
9220007567
9504902805
9080429429
9264924204
9826323252
9030815669
9222567864
9530011002
9091916741
9058093991
9333111938
9933526007
9193045887
9221689400
9963273329
9126665195
9323270541
9088580824
9048871038
9777885660
9086387604
9228884373
9827761777
9877983402
9024480180
9326039172
9505472042
9829171019
9221103132
9829347484
9048880393
9137064335
9126281320
9324856947
9995487237
9221120455
9526801861
9224777177
9960195903
9505149834
9199248834
9068228381
9227749068
9504821433
9326003465
9126468938
9612062655
9124391124
9126525994
9224755980
9122462261
9262584226
9068753180
9827002774
9224498778
9085803880
9530038604
9995400694
9220352702
9088865093
9612133536
9222575535
9221319333
9091945777
9199410017
9097231558
9022728449
9222644401
9138606364
9822659277
9607551648
9630558556
9822154920
9199249517
9825044042
9538219298
9995639864
9965940368
9612007217
9226191549
9505166945
9963219487
9825498650
9204112438
9089180509
9129992204
9091942939
9324731131
9022477776
9220972626
9222355565
9129261767
9517725244
9323243710
9827825931
9088700555
9174944036
9085826300
9226522116
9961829792
9617810550
9123893822
9825676039
9228490190
9999990043
9655091890
9994549893
9526717317
9024403788
9963202280
9123944893
9923413883
9512007031
9995492210
9199501242
9829766022
9224406542
9226021538
9923549265
9227287693
9825681501
9126906492
9002003866
9829127440
9129261803
9120338662
9241766259
9224800677
9089100545
9224552939
9224698308
9122858839
9236743166
9220441020
9193650955
9220667553
9221189411
9199476227
9091998273
9220402727
9824429990
9829134798
9995495662
9126752266
9022588368
9199569066
9638504492
9226036001
9650671454
9224509990
9220067277
9090010203
9963205595
9028743066
9224888155
9221997134
9028641005
9044929396
9041071997
9120359728
9220041004
9323214829
9630443653
9634526007
9122607559
9090232341
9220607874
9507454915
9195543820
9527010316
9964496054
9124193419
9625326770
9324788948
9292183966
9504892988
9292605099
9506300017
9290057365
9326007577
9068031951
9526870900
9324295227
9324773737
9044926652
9628737200
9827817446
9829360700
9995492832
9222585595
9120453661
9698096191
9919084529
9128196767
9523469887
9199563462
9827875770
9122660003
9923509222
9821686962
9129498628
9221857838
9923084611
9058624693
9091836531
9224192991
9044913378
9021501557
9630467000
9221424149
9659189868
9058503373
9829804758
9829842019
9199334287
9220409344
9138655197
9088724221
9002477707
9384095944
9122716591
9504951659
9829162406
9634440470
9582578520
9111902368
9655237290
9199422779
9090876472
9088754555
9091838513
9505573938
9617681144
9122264292
9221336318
9122830668
9224333819
9821330453
9628874188
9825748348
9956491676
9224870322
9876105183
9634542698
9803528827
9321214412
9195586041
9222556440
9324710584
9655400252
9963557510
9129056236
9825264445
9068072249
9220058480
9089077814
9505071694
9123959233
9506378561
9014144461
9199300885
9852248155
9028158707
9679054498
9195791107
9080862001
9045486727
9028577747
9827875569
9028772741
9827226369
9634551881
9089263353
9199373764
9028582526
9967838961
9129959534
9523423470
9825775273
9044778058
9024453481
9536052151
9630699760
9324841717
9123973600
9827354277
9920027555
9252827272
9049829000
9292045745
9512091889
9089014190
9129091655
9128166345
9821877423
9220483658
9128380051
9129396158
9221600000
9270305591
9191898004
9129240127
9028167589
9829079962
9825491239
9220621215
9326225372
9326132255
9091991888
9126227227
9126267979
9041692003
9224174068
9123963272
9530524226
9323213413
9829490688
9126890313
9222588841
9995496539
9324344011
9226092382
9026210478
9097340145
9526890759
9220048248
9221135247
9956915796
9224728668
9961776150
9829375864
9222109221
9667636264
9199505057
9612015342
9122983856
9220946442
9825962499
9655221755
9825833315
9120359968
9533867335
9222638874
9039395559
9049835877
9224748190
9123847841
9995697887
9220678552
9155700959
9044610061
9199292794
9026948385
9526767414
9129781122
9195796240
9527306147
9129778230
9120898959
9122836769
9165407966
9125747686
9122893432
9228311519
9531960066
9089186345
9222521199
9829829594
9068268012
9044929713
9089206328
9112107933
9193778002
9224354042
9530448173
9049280102
9059168979
9995495999
9164809775
9138810760
9526515392
9963269114
9122804003
9526701615
9292128877
9043892184
9292488154
9220217474
9627259344
9044617127
9828739092
9953020220
9220750772
9122000900
9222619851
9530000310
9022704103
9826288258
9126078897
9964467151
9829258944
9966365301
9129748505
9058264736
9199456310
9995630351
9673855545
9526887784
9199243031
9058240776
9505149416
9612064666
9012017859
9220037505
9220001360
9829717714
9829190094
9950044474
9226000221
9588820561
9139765396
9822224935
9526706517
9827008669
9634337888
9829027689
9208989477
9222642642
9966396385
9678880800
9088663765
9123865930
9221813323
9122332278
9265279880
9923010743
9222809337
9221058079
9966390636
9224704510
9324088816
9616451911
9962793199
9526743177
9292007711
9827460019
9221002728
9526926644
9011561453
9506483941
9969467889
9527035289
9224756855
9655051415
9220708112
9850696365
9639466606
9122503359
9505313659
9129170157
9222297985
9126936015
9224834588
9827721869
9829277508
9222249250
9825318048
9199287950
9221019909
9237646829
9126768970
9829216317
9617774164
9129271235
9826906093
9675417326
9994594074
9199466107
9223991350
9121932466
9829201230
9935721844
9292694934
9224790758
9261414096
9199331269
9104404843
9088740831
9918969821
9826231106
9822962207
9821743900
9826259496
9088665990
9821411435
9122016636
9193534171
9123992059
9326192122
9193922030
9995494747
9224313670
9827883333
9826625592
9829446993
9128149277
9969460754
9826300009
9638515690
9829401896
9827341830
9012102079
9227830038
9097396913
9821348091
9022173529
9829094203
9129264959
9044901294
9526771185
9504906527
9028189532
9125105778
9504973937
9320589302
9634520970
9326282393
9123963314
9136389317
9097025933
9122527796
9277071779
9223051001
9679754177
9028175302
9827815127
9224785709
9068840567
7058612886
9080740190
9220091814
9270132303
9224249777
9044775431
9088897979
9224892277
9129723286
9125770311
9044908448
9505428182
9220760909
9220427472
9617525646
9226088646
9025003900
9222616422
9091815755
9135919550
9827863912
9924297349
9935401401
9504922372
9292631998
9519760305
9226173243
9090900730
9068868888
9827008251
9088788076
9829809401
9220062884
9122079437
9058260642
9829615857
9199250880
9122812654
9222628606
9935415488
9827535144
9822770409
9097409995
9199559217
9226778179
9274431502
9222651635
9129255262
9224793149
9246009589
9091862656
9199344092
9224307080
9220093069
9935211538
9825114804
9667657743
9827536534
9623870127
9199258516
9122733033
9224853505
9129675334
9924241190
9826300803
9002166662
9088999925
9920036068
9632797822
9923067292
9634501892
9385044075
9220440555
9227788358
9519629450
9959071505
9199360423
9028245727
9126531039
9521355829
9068255525
9088879599
9058031563
9527113412
9219772907
9826117490
9829134242
9122855548
9088759696
9523498848
9191127569
9024926258
9120466659
9226116464
9638660940
9220544324
9125181762
9504978795
9832698902
9995482933
9923005225
9923011923
9129980597
9634560719
9126403723
9149247474
9224438187
9327091933
9193929277
9582494835
9322002710
9526855847
9068208509
9523474605
9122537036
9829415838
9826536678
9995638689
9822077581
9220818818
9822083700
9222646026
9088882812
9039514100
9126150554
9129914476
9089004330
9221736328
9091849777
9126121446
9829250611
9199260855
9193619287
9504907565
9090047285
9538277929
9504898883
9829453340
9827357478
9091813439
9324316626
9825960125
9199219333
9829371360
9080814610
9827871806
9519668417
9612097154
9129220717
9825526662
9829452544
9825881938
9963211095
9821653448
9523433202
9825522675
9125443577
9512692649
9969467580
9220215000
9582500025
9097347230
9292081905
9044564686
9220079895
9220333222
9222619972
9829033966
9123963506
9180290119
9126889063
9969464472
9969461961
9829364089
9026289888
9526738285
7019843254
9122251008
9995698083
9825294169
9123875425
9028190060
9821405663
9049879202
9220460243
9829120000
9134628097
9089214921
9504925570
9527345111
9091812733
9821965640
9229996355
9124850222
7716049515
9126067406
9827706525
9028242580
9220422420
9827738283
9523420122
9130780388
9220661272
9512624870
9044932563
9655155512
9501917808
9224552679
9129230923
9644854861
9655000015
9923197772
9145136372
9388755155
9923001990
9292636784
9821324973
9821766059
9123981972
9920245545
9123822568
9199252864
9080093196
9822038718
9122098411
9505357340
9029817206
9220431360
9824019371
9292928787
9825653136
9655143396
9829038834
9935432098
9829231153
9523404035
9199334516
9224796381
9199536021
9841523898
9126622250
9829056312
9526750241
9234155752
9048896980
9821317108
9122679581
9966412159
9040973813
9827837717
9002130647
9822560076
9120787584
9320561270
9088285190
9517874368
9924036110
9122398415
9827808477
9292463327
9199331111
9829147623
9655017602
9956487697
9083023472
9504840828
9138034363
9323243831
9221604083
9068202323
9829109657
9030843969
9120466964
9221701811
9199247021
9821570405
9530058278
9920097935
9030864341
9044969107
9527427767
9097393336
9829263247
9969469506
9526898973
9086392914
9869943107
9221599849
9165758115
9878759297
9136272547
9199259991
9122275761
9821326950
9655436770
9966860985
9222625928
9123853014
9638629604
9220067166
9126751078
9220316628
9829281357
9220778277
9222032019
9044772545
9527260487
9920101441
9122485322
9523412079
9006776883
9827558255
9045829796
9097425152
9514736188
9536061466
9829410106
9199347419
9220520879
9829284824
9530047403
9195900057
9223098176
9224828707
9129124189
9088919626
9829818946
9995476267
9995499345
9829721696
9123980866
9502038317
9234115815
9125727546
9526981420
9129293089
9124273037
9146184913
9963214313
9638660292
9966415615
9224848488
9026266093
9923020744
9924078374
9991151909
9995902595
9817073813
9832353982
9133848880
9122458850
9199459721
9068223035
9935007283
9221420614
9951921534
9044733605
9523494715
9292200767
9195884016
9275580669
9825636562
9825022287
9129289006
9825365318
9045494926
9173348230
9028165008
9028278852
9994306683
9527253688
9222588657
9195507711
9526525494
9123988466
9041677196
9504892155
9923048042
9028520866
9125744756
9195504534
9122444522
9224880538
9122473334
9612041577
9068222062
9505000530
9227815776
9829277430
9228658085
9821068262
9826510262
9048853133
9028739755
9123980609
9044977788
9821339077
9227920497
9091914449
9048717884
9227280371
9324816583
9122621084
9612110072
9322000421
9090282707
9504823770
9678998497
9827722906
9089081704
9504977540
9198603444
9124185633
9123959175
9220094604
9588785836
9995099066
9526731827
9128141911
9506447303
9581340329
9995495184
9234474480
9227848233
9324727298
9199348892
9123804708
9058588551
9028265056
9923075798
9324849360
9197058101
9634466622
9634583861
9829640021
9236764180
9041778755
9223979010
9088800405
9194779418
9142613967
9044748052
9126337294
9829714452
9831506995
9044985128
9227987336
9129228988
9526880087
9227658114
9028712328
9090260203
9122900871
9045932615
9068237775
9129062323
9935429121
9273105756
9129273079
9292942722
9195902902
9374885589
9827875140
9220010702
9826918828
9827731653
9377245441
9220483917
9827462483
9048879676
9068272898
9222164655
9823456504
9097024086
9829345906
9199321471
9530003004
9222274034
9504881181
9058120740
9526849345
9221858904
9122814287
9223984085
9995881061
9199275948
9193650102
9136405251
9224816028
9827827737
9292040413
9236800853
9097003633
9995482176
9199553174
9122772736
9221186687
9519701105
9126883630
9826614430
9199232246
9505125357
9821806812
9698047077
9174497337
9923098390
9049818801
9129983546
9199599245
9028747053
9220078833
9827823332
9221331550
9821391685
9129943750
9192471480
9080092366
9533815551
9220432704
9824852319
9224454554
9505012713
9969469669
9825730400
9129121205
9129920542
9220313196
9324875376
9122321151
9827824309
9088877994
9822164361
9091862929
9829332505
9833370237
9199442806
9829389447
9877208325
9122407343
9581555480
9124259177
9126404541
9227156575
9122094249
9826194197
9611400005
9089155934
9659776431
9829387150
9224671111
9221963488
9220991122
9220477474
9199563578
9126767670
9226537006
9224540074
9822157737
9829823530
9501971111
9044660555
9833176180
9966409091
9129969656
9821604246
9514797724
9199339342
9129118858
9995824865
9224620869
9935424419
9826173284
9961795847
9091892777
9655029099
9507287098
9612104420
9120791369
9963204243
9033710799
9826958350
9955538045
9273232201
9091991683
9227942211
9829137090
9124071301
9086317010
9022657527
9935430933
9324717711
9519935945
9220512808
9193909142
9630103330
9089147100
9630028057
9002142013
9827897193
9829017994
9827476588
9044955095
9965919053
9224256044
9224879784
9097372804
9995491017
9530416918
9085858839
9620449833
9174213094
9131453312
9122777770
9667065977
9536065199
9504711177
9937251104
9224411222
9220522919
9827771969
9123849406
9505320160
9821663669
9122478068
9638531315
9224182719
9088765015
9994604194
9324402937
9886498084
9028712576
9222204929
9995611408
9822164692
9085785998
9223971282
9028283700
9123820190
9995486355
9191139025
9588758607
9220088123
9003886161
9829050540
9232978915
9923085281
9655423584
9874736163
9826580668
9097395909
9122433473
9124341208
9826956685
9630604748
9827763589
9022783241
9322532949
9826967686
9136725944
9339928253
9199270777
9224742628
9659716432
9129181049
9000433353
9825927071
9230464708
9091925720
9173332017
9632787876
9821314999
9825170888
9920000909
9088684600
9124369041
9822532834
9128862482
9199486670
9526921671
9199305697
9199303177
9923070792
9195930551
9030679246
9638550432
9090146251
9044619532
9220094433
9088625868
9630313582
9514156965
9125240639
9612012481
9088324041
9829234027
9227827971
9002163279
9091916611
9091847374
9122234209
9129154843
9527151767
9829418156
9226166681
9089021697
9501900010
9995605589
9280446820
9313223929
9526759557
9832374747
9923017883
9221149585
9501863719
9698008455
9226727980
9220297999
9227701770
7073163080
9129396998
9044772363
9523403808
9084992087
9634402918
9504806332
9963207216
9048758459
9829071384
9827020489
9123825495
9131563073
9896288685
9523459773
9655164712
9028578959
9937257698
9504906821
9634551208
9138561011
9044844525
9527120415
9028776284
9199462426
9010969998
9236444255
9033521261
9022650649
9080075865
9050012534
9220545586
9044987219
9292691516
9527154064
9044675909
9822093996
9097038307
9964443210
9526889425
9088668944
9613974803
9935433424
9829233028
9199479088
9220772904
9649638887
9825187579
9127760846
9220462831
9829107062
9990634917
9826773508
9123899774
9068280355
9923064379
9120600617
9086399953
9220060033
9124448721
9220091978
9222553986
9923137010
9138007436
9963232436
9129991915
9122512185
9120400122
9829801506
9224110121
9326221605
9815585153
9097255262
9091856062
9630377457
9869058920
9523423411
9224709590
9220577721
9221619164
9226365612
9324746972
9000419404
9826057675
9321115557
9512699322
9019496845
9829235946
9222231330
9821320971
9222617750
9126165266
9028130828
9199415116
9129223555
9028034897
9519766587
9634513670
9199575600
9123960515
9199321069
9996097538
9827004896
9292961496
9211535074
9963226935
9138165407
9923401582
9950925915
9088690284
9048771991
9122810266
9193766833
9088658529
9829005010
9226590369
9829047879
9220662609
9220789244
9827824779
9003852016
9526822859
9920245564
9698048554
9227829392
9091894043
9825899777
9049701097
9042449043
9323272595
9530552745
9224693229
9966411367
9224000160
9154640107
9226321283
9199321411
9222642066
9126755712
9004049046
7781261346
9222950306
9827561748
9991300132
9122007917
9678907878
9829251929
9220225554
9822676296
9504837502
9222184784
9829468560
9141407776
9293309205
9097410850
9122793670
9068052278
9698090970
9164889660
9659020205
9044858440
9923351194
9108167868
9612052157
9222624848
9044969896
9825966696
9195519635
9221568126
9523447943
9199335055
9827281588
9324757421
9089288461
9326068063
9026223133
9044622572
9504876873
9829436691
9048896517
9937242618
9827868840
9224715707
9193952123
9527402299
9224829729
9523448170
9026262205
9826448408
9195947921
9222540144
9088787137
9199400438
9128919477
9326300085
9026213070
9184036712
9924250226
9963893015
9924006549
9125391423
9966865927
9129946174
9826743602
9124107339
9222536306
9511115024
9232045269
9827723358
9920869656
9221718162
9827851696
9220731321
9827813920
9193835577
9139370523
9237767734
9120400306
9821880547
9129251308
9086369791
9122767949
9224748265
9827127787
9126998848
9506369498
9199352407
9526728804
9044927473
9088655687
9025845745
9011563230
9526891271
9530014779
9199361303
9676393400
9222683099
9224402442
9220708384
9581384842
9220285430
9199440036
9821984344
9221059675
9821889075
9123928857
9829272942
9022758793
9829244843
9022815769
9995662712
9123821495
9951306001
9526707643
9122371711
9126899001
9224829012
9871995579
9123921744
9639538450
7055191909
9250030988
9505405431
9963204377
9523240869
9504962131
9829003583
9199598523
9827772657
9698080555
9829102034
9827709985
9026268540
9829247556
9612034467
9222111677
9527228289
9326181037
9966407781
9527244442
9058212252
9966397886
9226566395
9633240878
9527404718
9030792323
9222516727
9195593716
9129919699
9655239547
9026233135
9827822732
9222682124
9193969324
9147774205
9193926443
9225729642
9609831363
9829413961
9221384935
9829195384
9270884666
9120434277
7011913566
9878471955
9128038348
9527144920
9129253769
9126662825
9222380968
9091880886
9220361452
9128342955
9048886618
9199540722
9120360717
9321237735
9026262138
9923126349
9825206268
9088734522
9827126062
9324812023
9195644782
9222643302
9246612535
9673817333
9644875729
9222077093
9129949817
9829070646
9048755533
9630577706
9126381105
9504894745
9126096035
9504901399
9090258610
9088907839
9827076455
9068262888
9924051686
9504888837
9222583359
9220607773
9222257572
9821991392
9326257889
9192204800
9123830932
9088664881
9224877351
9826257114
9088966462
9826766201
9324758167
9022792804
9223942898
9138470636
9126705616
9041669783
9000469097
9612034651
9026949087
9193882782
9001800199
9923110627
9829216184
9829379977
9199534741
9018506007
9099171108
9504861991
9827234117
9122139194
9995673737
9667626644
9924021042
9222607997
9222862758
9048883175
9126504396
9143691970
9324742282
9087906236
9220500101
9963204824
9826292228
9504860465
9292511962
9612095985
9224757433
9995598247
9224777273
9088568597
9220060155
9222802180
9089175578
9821348674
9199236079
9292656712
9220224666
9199540283
9504951830
9224784816
9829657774
9533758369
9138777770
9221111820
9523274679
9995477444
9099541310
9826436337
9129960120
9224096003
9512639701
9227684560
9126263286
9199427341
9827831136
9771870000
9129202850
9324721936
9028316067
9091857502
9323253635
9195307204
9959130423
9829443650
9698023232
9224762859
9129256912
9125362664
9227818505
9041019061
9512652171
7768130113
9044546569
9025877388
9091847357
9129221607
9125313289
9505337424
9095110913
9514710702
7770736493
9531571938
9126686301
9609939333
9220050543
9058277426
9326226860
9224705384
9220027531
9221017999
9128333187
9292141648
9122907405
9199226115
9527372608
9655497099
9129907553
9120459749
9243688868
9222659283
9822090885
9292085252
9097351121
9324818366
9193938262
9920997150
9220407883
9373534347
9048721940
9030799323
9199331405
9829091771
9058036496
9324857991
9136528208
9090000250
9236792353
9123977772
9829759372
9199327788
9825949641
9829401583
9963207809
9120778117
9091909195
9224705977
9122363915
9506473367
9097000771
9221166136
9044730616
9969469026
9126125507
9129247138
9022684407
9829324388
9829891016
9222851791
9090215162
9199200521
9087552805
9220763336
9538257237
9122254625
9931057662
9068278296
9220410584
9829166552
9129294112
9014133224
9044729509
9129795014
9923389568
9827852684
9125700970
9124113868
9048776036
9026259099
9220703088
9097038833
9292644651
9501928756
9224068274
9194476499
9969467757
9827642941
9223961301
9224899777
9220232082
9223991766
9221376404
9829178280
9826465062
9822001313
9617610070
9965715982
9221189499
9966873030
9822072334
9526775709
9058223450
9612005201
9044553003
9126393310
9199391479
9826241915
9125210872
9226712662
9226005793
9224876590
9829731209
9320919165
9088803179
9226060055
9103276449
9122657193
9011495688
9129250672
9220330939
9044705183
9612111116
9824108999
9231155538
9224816018
9122530029
9504855541
9129006622
9129988945
9199522638
9126104790
9292510459
9224618282
9505527845
9084986422
9126776377
9935164364
9124611962
9170339346
9829433000
9630604554
9044996648
9224116551
9199247408
9058211414
9504539727
9829053305
9673839962
9048866994
9822667380
9199525560
9220025527
9827478191
9526709360
9224664454
9044905144
9199463284
9825519334
9199490896
9617538698
9129237769
9199508408
9176732521
9292006471
9829710623
9018553224
9923360717
9821459954
9527446328
7051136508
9165165790
9088665153
9825826560
9995493328
9122772280
9224395222
9226554615
9068271364
9829446264
9129940372
9222151905
9088331010
9526890190
9199249447
9091930088
9292675356
9068207735
9829670258
9827856066
9224503362
9222629788
9122056094
9923340145
9829065894
9123858195
9504979603
9829158393
9827400623
9881356404
9131952035
9505496049
9634508793
9224521594
9519908959
9226108612
9224809729
9201996352
9222530189
9962244362
9129289779
9326253474
9827771250
9123973593
9527053386
9058587665
9504862705
9022690058
9323280253
9961818266
9223412897
9226527999
9122532552
9199441249
9995475155
9129100492
9995501660
9526857295
9193650000
9220227550
9963210123
9088735525
9526846146
9044882568
9822015788
9638505777
9953340502
9126126608
9224007410
9028142046
9526732729
9048776115
9829711930
9922203000
9224852367
9642457911
9202325596
9223980876
9120416788
9129978648
9044718500
9991333308
9068310975
9199393094
9923136502
9920041749
9224469574
9220016238
9124252347
9088690922
9220695075
9326155491
9088752662
9123921212
9655810000
9222689988
9829649127
9582629022
9323333555
9058223707
9226793044
9504980751
9125142150
9324789939
9323290188
9091770129
9097273867
9088675276
9220970920
9617657170
9698069056
9966943934
9044937096
9829347570
9221584306
9995487789
9126294145
9826986784
9091482922
9068741495
9224783542
9324722223
9028260005
9193701523
9126316187
9292636069
9222821540
9034467126
9221269025
9043204931
9829116509
9068005660
9829176922
9193956126
9324895205
9829256940
9324149209
9923130799
9125209355
9225778955
9505179839
9224605100
9504421091
9829272187
9504969543
9920882488
9667635576
9041783897
9504980459
9323242216
9519969892
9236808176
9825355666
9521363413
9526715776
9122622919
9136793511
9129997176
9827441400
9829246518
9068754251
9991313677
9226578280
9025009888
9966409819
9199249578
9322492227
9322007775
9963221674
9324801161
9324200544
9829202855
9373068569
9504993350
9504822729
9829097120
9220040066
9829817147
9220177477
9083121377
9504868830
9615528077
9826426559
9088738580
9826266946
9124186152
9324899647
9199421598
9026268111
9224557377
9505367017
9829257295
9829364870
9504967978
9199349529
9220738378
9995498848
9655220838
9133655397
9826598875
9823669091
9222176230
9044977048
9122491576
9220773730
9829072008
9582589530
9129394564
9829129411
9088677800
9504801282
9125423747
9829862477
9231693996
9122670745
9224514235
9324409008
9022654752
9829188373
9924218987
9826427537
9222619515
9829836968
9129986930
9199390121
9128103530
9123890523
9222634030
9324213318
9088676354
9222601645
9222663118
9045418471
9221774099
9519897488
9831397623
9088371780
9227651247
9048732818
9044615556
9829055947
9227628973
9326118218
9193898137
9199399352
9519922974
9193676050
9195507884
9123942990
9224339361
9829215295
9068149776
9122817738
9523454868
9133722524
9123856301
9212231647
9088675860
9221808275
9129238226
9220787862
9526844277
9265927704
9223981007
9090097010
9220752939
9129250529
9122442275
9084995996
9080804760
9523186566
9129236888
9199553393
9088797959
9129907321
9829810300
9526999283
9512222609
9080353533
9136268192
9227791434
9829672302
9829252574
9833498058
9962107228
9068032026
9226021224
9199225862
9129983707
9323249367
9220454632
9044837463
9229288485
9918171384
9199480263
9086313696
9048269200
9827547500
9138510595
9126089779
9821453908
9091852003
9014148125
9195395553
9963261770
9698093774
9048750826
9048775427
9222644174
9828083134
9148075590
9220361777
9923043580
9220700295
9277787633
9965917704
9199495250
9088892629
9826696803
9530031391
9034889787
9224750045
9044961177
9262849949
9659700845
9504944267
9519699607
9193511054
9199554821
9124316509
9829665009
9044562517
9827550678
9992903690
9829816473
9044514144
7079592769
9120783467
9044730682
9097424267
9044629725
9044873502
9031732483
9220472991
9004013190
9527270444
9617821356
9080057550
9088760202
9506355146
9220912505
9220576762
9138066083
9097341717
9162135583
9324841894
9292656156
9199256017
9634551988
9965967740
9223995886
9049898888
9961735399
9045850157
9045478669
9324891304
9224817214
9504769887
9044635023
9826083084
9324718169
9828090459
9220482620
9129206888
9829698914
9630409997
9236932613
9995473783
9222355359
9122543691
9129929399
9222898011
9129922777
9829885258
9226131049
9507891622
9058593777
9088743424
9123943631
9220330686
9521372242
9220070636
9821300640
9227976983
9588752044
9655442329
9220544443
9220723344
9612133157
9136582081
9125139136
9324164913
9505536143
9226157484
9129908942
9505207912
9526887869
9505133912
9058586481
9523493937
9829659622
9091865533
9091103351
9154871992
9530518999
9923012798
9667339884
9044976640
9221055065
9655081154
9199450867
9222618485
9123972708
9224806270
9028128092
9530477592
9042449068
9504940739
9068255514
9224116633
9962384331
9024412381
9091807325
9053150423
9961781956
9526758163
9526965308
9821347013
9228707840
9090039063
9324090003
9199360666
9292622109
9965964010
9222022464
9122461126
9044979018
9825491232
9224834844
9122126346
9821641730
9011565365
9502005066
9825258498
9324813800
9224889118
9638512750
9220707887
9221326033
9505602817
9199567186
9123838259
9527392747
9129996662
9195559698
9829412736
9526784712
9165491214
9821304715
9089201406
9124162288
9220618048
9324762196
9320521766
9526825928
9324712815
9220755722
9222633090
9923077001
9220087992
9026279948
9634591888
9086389208
9126363533
9827898761
9292940074
9221148622
9195508328
9995710821
9374256526
9089192181
9825308777
9667628666
9085742672
9199319849
9821350452
9221787481
9033275559
9091767191
9620524686
9221672833
9222641151
9655355915
9091809573
9123912560
9222654501
9324388832
9220224788
9220027999
9826057678
9821477535
9527322228
9222699552
9920882851
9937269025
9995495587
9129734512
9224719358
9041799727
9965586403
9088761613
9829423470
9505377676
9126788818
9879581120
9995479805
9124376133
9088722098
9220519860
9125163383
9923110084
9089268582
9829052501
9292620111
9324049197
9122437748
9995631918
9026257906
9088676684
9222291101
9222830282
9034599724
9044538976
9087919739
9829155757
9089134444
9292636855
9226587036
9829283832
9533806032
9131415550
9123983598
9224621940
9962104932
9829167474
9505401594
9220987039
9222034151
9962121999
9143950118
9220063540
9832306049
9195356645
9048722110
9829759457
9220492922
9965580557
9963964664
9651850667
9129068991
9100418273
9581491303
9224460936
9129759271
9028756147
9220014694
9224721737
9831412827
9829324456
9821315606
9519849307
9144991334
9963201636
9966862408
9220413115
9506384649
9199402311
9123977327
9220030061
9963208046
9129270453
9502078816
9210332565
9220739716
9221569799
9221587515
9126456045
9824089976
9323239765
9523443944
9332336666
9650627661
9220711535
9829687208
9139602237
9623241516
9222607459
9826709577
9771108438
9199567839
9995479892
9604431684
9125175901
9127816689
9126990315
9224437208
9227811997
9506484171
9320919215
9224612800
9122338008
9068212014
9097385719
9829100679
9656644441
9193622235
9222935555
9088734403
9221421260
9223960936
9091903704
9829496651
9829039220
9632756630
9045459053
9086350380
9224685555
9129940333
9505273838
9221811767
9000329655
9123847504
9199232319
9323264410
9829634815
9227711080
9026912750
9641820109
9993438067
9526781196
9048133995
9220319985
9040641918
9224156977
9199351389
9220737957
9324734854
9644055332
9526882874
9193779923
9222174067
9011561331
9222748356
9825737353
9030796364
9028593625
9224627748
9969460312
9829177646
9825956222
9220788727
9220061020
9125116059
9324831110
9199517151
9068094273
9122204362
9082991429
9323206012
9199418950
9326136642
9129396700
9033626800
9028281335
9829108400
9825910322
9044975522
9825304316
9222981236
9965950923
9058631994
9786612683
9617805603
9199245042
9612016777
9630602727
9891537272
9504826867
9129275865
9195641856
9221820027
9923064242
9324230125
9049898727
9195984672
9222620483
9822039936
9992563856
9504986609
9222649794
9501617567
9324762635
9226085560
9089049281
9292225525
9320993283
9120795161
9097047369
9224288582
9824015109
9617800628
9829267717
9504973747
9924000998
9220377424
9965964973
9994460235
9220716219
9222645023
7779896475
9199585106
9612066003
9088612585
9853872606
9602036689
9123976803
9827821252
9324738877
9252366300
9505592696
9220774054
9126578555
9195549027
9222668759
9058540275
9122359379
9824027717
9220038264
9088673497
9673500969
9324740738
9123879425
9129202666
9044987234
9827875577
9962352463
9501940411
9124398834
9120314809
9199442075
9126110530
9224327080
9026478643
9037734917
9022686703
9963224679
9122572457
9090106377
9326219006
9222540282
9058080173
9829631790
9323241413
9058250000
9220727028
9220702313
9956614851
9315783125
7077052348
9142951071
9043881348
9199557100
9120790582
9123026077
9375373699
9129215573
9122336587
9937248922
9002112288
9991091840
9224720093
9890809930
9292603602
9263950288
9655029913
9220716722
9698232323
9044739865
9506584550
9138263350
9199542721
9026297866
9326288226
9028142893
9044739557
9199293186
9045468868
9825188665
9829820606
9044640569
9199531980
9292650990
9090819714
9199306075
9829369574
9324822907
9995401021
9326286032
9827755238
9829497997
9220080057
9923172288
9612083803
9230389604
9003916413
9044983047
9829416455
9043852800
9124227972
9637997853
9044917087
9827399846
9129272178
9634527026
9224061331
9825638767
9526575536
9139823101
9526829643
9824827579
9199508927
9123861226
9224776764
9646546532
9028209104
9320979696
9827055005
9199280313
9829234220
9227683111
9221704866
9630013331
9227702480
9224164434
9825217678
9043231088
9530544679
9221760010
9320920599
9220361355
9826975508
9634539110
9821822506
9089051577
9822696630
9199376098
9966417531
9829180777
9923006666
9630619995
9090065144
9132887906
9526967283
9526707085
9221260576
9224707919
9129987732
9226580004
9120474161
9923098850
9221609060
9123918077
9829684746
9821611502
9220046684
9113056866
9089232244
9195548677
9097066665
9220646010
9123883648
9995660940
9502019605
9829120842
9221382548
9123949055
9224069747
9829659986
9125197282
9123893133
9257892250
9171997454
9505002061
9320904599
9323171873
9044932058
9220425248
9526705720
9825124339
9878491774
9222553748
9222221445
9224023979
9045428674
9088965561
9829150557
9829195303
9829678013
9199235550
9829214193
9129990559
9122754004
9658310806
9136202244
9226958877
9519918061
9526766877
9220010300
9829038801
9324775959
9825086945
9091853900
9224830272
9044891271
9224828544
9824136227
9199490794
9993404045
9920887020
9126696111
9044647759
9223940133
9220099524
9043873800
9044711103
9091841944
9829320815
9124268488
9048895388
9222532869
9504948522
9224787162
9088535351
9527311877
9129943411
9068119909
9829379338
9227503088
9827295928
9114031948
9630444440
9123494459
9224679714
9220599897
9088520507
9068279175
9129785510
9514433863
9220500500
9129219944
9220022514
9220727979
9655245340
9612102530
9324758717
9222272140
9091875484
9222667263
9889499695
9222675612
9222631480
9220030048
9628056738
9129909515
9963270846
9125129444
9922308743
9220059370
9042260226
9199328637
9059443758
9022763840
9526744530
9612144910
9634500619
9828759604
9026233913
9199255668
9199236293
9236128282
9222670605
9227968577
9222658869
9221394898
9509564357
9630435724
9222638076
9195821924
9220020490
9126466647
9058587644
9226554283
9028161288
9324042420
9504833866
9129994086
9620595289
9630685553
9505126601
9088840578
9199359546
9199539079
9120770888
9698038928
9220940242
9028591291
9923109057
9227901445
9044636147
9526311179
9220057792
9223888885
9224668243
9127903312
9829360413
9227615429
9221450804
9324774256
9045444992
9091910238
9199327423
9324817799
9506542989
9014389227
9512672968
9292145663
9224787799
9991551191
9825829897
9086358213
9048758222
9324294234
9630521582
9224871842
9221380546
9044511515
9963223202
9224813882
9129292859
9525294987
9221046565
9505061551
9129954834
9129275469
9088654490
9825496000
9220051894
9326212162
9044906442
9220411313
9068739956
9224519933
9992577297
9220011625
9221932424
9126825987
9183456536
9956605682
9193365952
9526737589
9039123374
9089085600
9123821995
9221252999
9222623922
9523492174
9920007853
9222666073
9005002033
9161817822
9829708051
9220558586
9324713055
9523428466
9322537237
9623248963
9193699863
9125211901
9220411277
9028533310
9825473142
9220772614
9506328258
9829080111
9199493849
9111723102
9827785407
9122488898
9220357646
9829169069
9097008977
9220050160
9220478874
9222642358
9324741614
9222654045
9965950343
9193854525
9129978409
9222647625
9126622599
9048762186
9124368396
9829019451
9041773339
9698055476
9199563179
9826601153
9634541103
9822135538
9828034114
9829868805
9504929349
9097099989
9829203727
9523426970
9222036563
9199223333
9324763256
9935233637
9324362094
9127835241
9533836622
9224101818
9126377927
9199417971
9825434889
9504925312
9043897900
9091904983
9829620218
9877405777
9292692498
9221420826
9222613454
9829889683
9026928470
9223979530
9292152598
9091816981
9130090777
9219535856
9923007442
9320229944
9199205853
9829656700
9519950290
9220757688
9224798648
9021527354
9963209287
9292006560
9058520878
9617795100
9827851779
9502897411
9519772216
9091827256
9244480175
9326221735
9068265432
9222609955
9129114922
9878568574
9962108266
9221788474
9088675912
9223994989
9233093777
9504932437
9220004202
9097424919
9129257711
9088772421
9923004374
9199470867
9224747462
9220684874
9292600261
9523427853
9667625869
9222924881
9199574502
9505605473
9199532788
9821907750
9829097394
9224881772
9526758511
9224820222
9630565269
9829022313
9125163000
9829354251
9068954648
9822268185
9224282950
9220610080
9829175071
9612131937
9222693716
9827703393
9044629149
9220097014
9048771753
9221081097
9220726663
9822213737
9199200137
9995496555
9623184590
9224144885
9920107195
9220607292
9963278999
9991768010
9090053758
9199365705
9199348103
9224228081
9630617575
9829773838
9127717788
9224812060
9028381780
9222863611
9292621443
9326205263
9504958603
9829820717
9324745536
9088571461
9825187739
9193892711
9222674853
9199305282
9136175203
9222110546
9822202506
9612133938
9097393993
9821306510
9123812234
9829116877
9523434312
9224558310
9639537238
9123818215
9199589681
9612040800
9523465517
9123821716
9058251309
9091893336
9220084499
9122308696
9963285309
9924005880
9963220927
9512752868
9221003405
9224753667
9521488772
9220060016
9323256267
9536092738
9829203395
9120774895
9962433796
9829431180
9829803309
9997748129
9090220898
9044611211
9505554540
9068256006
9128145499
9144073200
9602221415
9122122089
9068094136
9829114549
9122908912
9082613978
9995831265
9129046664
9120779998
9082111505
9325426853
9226510234
9068738577
9199221991
9937246144
9829206879
9821323406
9048870200
9966405700
9324866882
9526878713
9139612197
9129344820
9123988423
9111122013
8807263941
9199329151
9952397871
9122274853
9536067291
9222677006
9221041200
9655351923
9088790648
9581522455
9220060283
9821961113
9097347161
9226557708
9829277345
9026240217
9227736647
9507308312
9124245188
9088608880
9842998061
9292007002
9324800308
9827819590
9052641000
9222647772
9028180932
9199354748
9827867490
9956484090
9022573028
9963221082
9954959009
9227919184
9024472581
9952433922
9044717176
9129256516
9024413137
9145195795
9222656067
9220411346
9292662349
9028149439
9220699485
9923391297
9900609326
9935476614
9698001637
9133931554
9123941404
9829327515
9126119595
9199222966
9124130613
9120797089
9221079730
9123816554
9153343024
9129219176
9224559515
9030796942
9829239242
9698018683
9220403377
9771368958
9011568787
9827827291
9952941887
9292671076
9044954140
9923097970
9088733523
9227448440
9123997055
9829143533
9222545192
9827851285
9058252196
9630573776
9827878715
9224881224
9221707346
9091872922
9827860530
7772588345
9129940361
9220095595
9091918645
9827842785
9292776450
9028503580
9875564904
9220082500
9224888123
9129252684
9829388435
9829377560
9122822721
9044960626
9123972005
9224807262
9222459670
9222699946
9829291792
9993666262
9048848959
9129282280
9504991335
9044904877
9097393024
9222255464
9844608138
9538243344
9501867239
9324744441
9634461656
9220010028
9218218093
9829209932
9129779612
9126059729
9821639426
9524990321
9224738092
9655259454
9968911694
9220709981
9829408283
9048877867
9638687601
9829121795
9227932543
9221512752
9829717828
9323280501
9952947550
9496295049
9088961159
9220425152
9129275928
9220096750
9000373707
9638787550
9655086542
9006751882
9505044373
9088774314
9829061443
9199282757
9193785827
9292559513
9966401692
9822413777
9505161703
9129246054
9966417394
9502007465
9129497519
9128144982
9199491965
9832410919
9091925818
9088675922
9195996367
9966417176
9223997228
9667156708
9526729220
9829290610
9129391160
9044649229
9220704174
9221770995
9827728722
9097223477
9504998777
9638529655
9292620245
9634998899
9227706020
9504929459
9518035139
9028199969
9220041584
9113236696
9044917467
9222651051
9221040077
9324795117
9323280345
9277630397
9097405717
9324752966
9022640066
9222803064
9224819393
9123905184
9223999981
9829246020
9825050505
9825761758
9827853521
9505066903
9199213832
9044765510
9131093103
9199301744
9128369419
9220566148
9245973458
9241023033
9821946374
9935428215
9199412681
9224804833
9676303399
9504828012
9612054734
9123984800
9068968881
9925107576
9825476113
9229229185
9028165042
9222616697
9324197391
9044548064
9827857518
9822602321
9829802235
9199328872
9963206574
9220221879
9224703106
9220406680
9199280304
9825972333
9504866264
9125177701
9193805302
9088765883
9828888688
9698084949
9123887566
9292641994
9956483581
9199301909
9995216715
9324772677
9199502003
9931107374
9124346102
9995497975
9222601352
9221830057
9028152083
9292007973
9220429649
9221554176
9829028611
9129247116
9225485888
9639539872
9044904690
9952942902
9068267426
9292685401
9193319667
9220407271
9129995244
9511258199
9224711634
9091743938
9923352527
9145749914
9504864118
9090003467
9199417079
9678969299
9089223550
9044809494
9827791182
9123867201
9224701997
9523490782
9935150909
9829455020
9222657176
9326276918
9138408231
9812146078
9827891921
9829112091
9923134101
9195526364
9324141850
9829271779
9088790707
9026241013
9068745799
9829889112
9215515091
9220001587
9224169046
9821344602
9040782820
9199256528
9129099090
9223988228
9220787860
9199518882
9615563626
9770348135
9896578442
9935439669
9830005890
9220733313
9829680729
9320997990
9615548738
9519787944
9829339618
9049346318
9048884914
9923166427
9199344381
9224352251
9523403040
9913606206
9129999459
9582573957
9081027843
9667637000
9199333418
9128117730
9588761133
9637565993
9126164344
9995690571
9129996942
9193688862
9088651693
9222669901
9504935066
9058588258
9222566230
9125302932
9617817935
9932158663
9049784755
9026948648
9122888721
9829273817
9924293848
9222005701
9048727814
9829875735
9612001616
9995488111
9125260140
9821386555
9937256911
9220062223
9826120135
9519856263
9221613043
9088671079
9292645135
9780109644
9182047846
9923024716
9126087073
9020320796
9088548927
9829299165
9634629969
9199403716
9323255346
9221447323
9512369750
9199563785
9191230002
9515096432
9507955911
9822901860
9829735678
9292662984
9498057609
9044740011
9526705980
9221125557
9504844570
9827835498
9220470211
9829132777
9221286898
9129272909
7711065907
9123860345
9698060777
9937266042
9504819219
9222278686
9265525664
9647566674
9827790072
9877538588
9824129966
9920094900
9969468288
9123954937
9025845634
9014540403
9058251199
9292663864
9199360883
9612022187
9630027358
9969467305
9229542801
9068505616
9144729711
9582570101
9829337830
9195912073
9226032057
9937259170
9953029457
9526708951
9829616127
9224127485
9224027613
9829837373
9088746257
9324869990
9088783423
9770751916
9582586977
9527378410
9097359534
9123966448
9199468004
9091853768
9991098517
9224758877
9091817060
9048814950
9526890846
9829287048
9822675360
9220004130
9992554222
7473259746
9123965512
9222661921
9199474277
9222863248
9097381750
9220790686
9226023045
9938004080
9221245293
9138175563
9123849172
9634494856
9123891785
9224886508
9536003012
9068208171
9123859399
9091910110
9044628534
9825211313
9809292855
9080770659
9226310000
9030794949
9526846056
9221719222
9822327394
9324721312
9129946929
9220044650
9612020690
9195311732
9222633443
9829225412
9601882870
9068277480
9026222392
9199215389
9126790333
9136517581
9055141540
9088653964
9199263131
9920911944
9202652044
9937270822
9825337013
9044742858
9526889569
9809862047
9129279793
9324737299
9267987009
7078076894
9126201232
9829097871
9962104615
9322503027
9120788111
9088736501
9536048418
9630544069
9022741279
9829179435
9129941956
9028542786
9221755411
9129246858
9224720913
9224154723
9026209562
9044923979
9088724037
9634553112
9199444150
9523483974
9199455392
9521431359
9174932119
9199297395
9088693899
9010087636
9123925447
9829799310
9634561624
9199410556
9024442856
9961790905
9199259277
9920888008
9962107790
9954928074
9821443181
9199321748
9582625131
9302944881
9050998854
9028559008
9995482621
9088654887
9920037231
9923021442
9129290659
9323277202
9097230099
9969467057
9199536676
9504977772
9935151327
9220269248
9829358005
9120489014
9224783838
9129261823
9129910085
9923110219
9323203463
9088630102
9923191460
9956919189
9088702595
9826660698
9527447401
9220744969
9048754344
9822205908
9829725087
9954957700
9126972637
9199553742
9526825951
9920293191
9044916447
9199299950
9129279365
9827837285
9090492725
9963223131
9292608229
9226847773
9199334471
9292611252
9332186011
7470367405
9199345906
9829259743
9199360973
9504943517
9123978591
9829180840
9303065351
9088716666
9222615557
9129275233
7780839848
9911991737
9504986399
9278742450
9630613063
9832399325
9292729272
9222626456
9323280258
9829203878
9129921381
9028126275
9800721111
9962116266
9826931327
9124223268
9026210960
9090693978
9091997559
9963228172
9058586863
9199269573
9199424212
9229546554
9224737244
9199555506
9825079799
9221168404
9959404989
9881113034
9952944113
9088709500
9829079023
9521457576
9385551625
9630692350
9537782133
9992862271
9829177600
9969980344
9138516437
7054623942
9935053022
9028077745
9199367687
9527123267
